#
#Feature symbol names
#
$0 r5.906

#
#Feature attribute names
#
@0 .comp
@1 .rout_chain

#
#Layer features
#
A 2.55 4.025 2.475 3.95 2.475 4.025 0 P 10 Y
A 2.55 4.025 2.575 4.05 2.575 4.025 0 P 10 Y
L 3.5625 4.05 2.575 4.05 0 P 10 
L 2.475 3.95 1.95 3.95 0 P 10 
A 1.95 3.95 1.875 4.025 1.95 4.025 0 P 10 Y
A 1.85 4.05 1.875 4.025 1.85 4.025 0 P 10 Y
A 0 3.75 0.025 3.775 0.025 3.75 0 P 10 Y
A 0.025 3 0 3.025 0.025 3.025 0 P 10 Y
A 0 2.575 0.025 2.6 0.025 2.575 0 P 10 Y
A 0.025 0.7 0 0.725 0.025 0.725 0 P 10 Y
A 0 0.275 0.025 0.3 0.025 0.275 0 P 10 Y
A 0.025 0 0 0.025 0.025 0.025 0 P 10 Y
A 4.425 0.025 4.4 0 4.4 0.025 0 P 10 Y
A 4.4 0.3 4.425 0.275 4.4 0.275 0 P 10 Y
A 4.425 0.725 4.4 0.7 4.4 0.725 0 P 10 Y
A 4.4 2.6 4.425 2.575 4.4 2.575 0 P 10 Y
A 4.425 3.025 4.4 3 4.4 3.025 0 P 10 Y
A 4.4 3.775 4.425 3.75 4.4 3.75 0 P 10 Y
A 4.125 4.05 4.15 4.025 4.125 4.025 0 P 10 Y
A 3.8375 4.025 3.8625 4.05 3.8625 4.025 0 P 10 Y
A 3.5625 4.05 3.5875 4.025 3.5625 4.025 0 P 10 Y
A 0.8375 4.025 0.8625 4.05 0.8625 4.025 0 P 10 Y
A 0.5625 4.05 0.5875 4.025 0.5625 4.025 0 P 10 Y
A 0.275 4.025 0.3 4.05 0.3 4.025 0 P 10 Y
A 3.8375 4.025 3.5875 4.025 3.7125 4.025 0 P 10 Y
L 4.125 4.05 3.8625 4.05 0 P 10 
L 0.5625 4.05 0.3 4.05 0 P 10 
A 0.8375 4.025 0.5875 4.025 0.7125 4.05 0 P 10 Y
L 0 3.025 0 3.75 0 P 10 
L 4.425 0.725 4.425 2.575 0 P 10 
A 4.375 2.6 4.375 3 4.375 2.8 0 P 10 Y
L 4.375 2.6 4.4 2.6 0 P 10 
L 4.375 3 4.4 3 0 P 10 
A 0.05 3 0.05 2.6 0.05 2.8 0 P 10 Y
L 0.05 3 0.025 3 0 P 10 
L 0.05 2.6 0.025 2.6 0 P 10 
L 0.05 0.7 0.025 0.7 0 P 10 
L 4.15 4.025 4.15 4 0 P 10 
L 4.4 3.775 4.375 3.775 0 P 10 
L 4.4 0.7 4.375 0.7 0 P 10 
L 4.4 0.3 4.375 0.3 0 P 10 
L 0.05 0 0.025 0 0 P 10 
L 0.05 0.3 0.025 0.3 0 P 10 
L 0.05 3.775 0.025 3.775 0 P 10 
L 0.275 4 0.275 4.025 0 P 10 
A 4.375 0.3 4.375 0.7 4.375 0.5 0 P 10 Y
A 4.375 3.775 4.15 4 4.375 4 0 P 10 Y
L 0 0.275 0 0.025 0 P 10 
A 0.05 0.7 0.05 0.3 0.05 0.5 0 P 10 Y
A 0.275 4 0.05 3.775 0.05 4 0 P 10 Y
L 4.425 0.275 4.425 0.025 0 P 10 
L 1.85 4.05 0.8625 4.05 0 P 10 
L 4.425 3.025 4.425 3.75 0 P 10 
L 0.05 0 4.4 0 0 P 10 
L 0 0.725 0 2.575 0 P 10 
L 0.0428002 1.6803 0.0428002 1.7197 0 P 1 
A 0.0428002 1.7197 0.0821998 1.7197 0.0625 1.7197 0 P 1 Y
L 0.0821998 1.7197 0.0821998 1.6803 0 P 1 
A 0.0821998 1.6803 0.0428002 1.6803 0.0625 1.6803 0 P 1 Y
L 0.0428002 2.5178 0.0428002 2.5572 0 P 1 
A 0.0428002 2.5572 0.0821998 2.5572 0.0625 2.5572 0 P 1 Y
L 0.0821998 2.5572 0.0821998 2.5178 0 P 1 
A 0.0821998 2.5178 0.0428002 2.5178 0.0625 2.5178 0 P 1 Y
L 0.0428002 3.5678 0.0428002 3.6072 0 P 1 
A 0.0428002 3.6072 0.0821998 3.6072 0.0625 3.6072 0 P 1 Y
L 0.0821998 3.6072 0.0821998 3.5678 0 P 1 
A 0.0821998 3.5678 0.0428002 3.5678 0.0625 3.5678 0 P 1 Y
A 0.09687018 1.05457018 0.12472982 1.08242982 0.1108 1.0685 0 P 1 Y
L 0.12472982 1.08242982 0.15262982 1.05452982 0 P 1 
A 0.15262982 1.05452982 0.12477018 1.02667018 0.1387 1.0406 0 P 1 Y
L 0.12477018 1.02667018 0.09687018 1.05457018 0 P 1 
L 0.1428002 1.6803 0.1428002 1.7197 0 P 1 
A 0.1428002 1.7197 0.1821998 1.7197 0.1625 1.7197 0 P 1 Y
L 0.1821998 1.7197 0.1821998 1.6803 0 P 1 
A 0.1821998 1.6803 0.1428002 1.6803 0.1625 1.6803 0 P 1 Y
L 0.1428002 2.5178 0.1428002 2.5572 0 P 1 
A 0.1428002 2.5572 0.1821998 2.5572 0.1625 2.5572 0 P 1 Y
L 0.1821998 2.5572 0.1821998 2.5178 0 P 1 
A 0.1821998 2.5178 0.1428002 2.5178 0.1625 2.5178 0 P 1 Y
L 0.1428002 3.5678 0.1428002 3.6072 0 P 1 
A 0.1428002 3.6072 0.1821998 3.6072 0.1625 3.6072 0 P 1 Y
L 0.1821998 3.6072 0.1821998 3.5678 0 P 1 
A 0.1821998 3.5678 0.1428002 3.5678 0.1625 3.5678 0 P 1 Y
A 0.16757018 1.12527018 0.19542982 1.15312982 0.1815 1.1392 0 P 1 Y
L 0.19542982 1.15312982 0.22332982 1.12522982 0 P 1 
A 0.22332982 1.12522982 0.19547018 1.09737018 0.2094 1.1113 0 P 1 Y
L 0.19547018 1.09737018 0.16757018 1.12527018 0 P 1 
A 0.22187018 1.17957018 0.24972982 1.20742982 0.2358 1.1935 0 P 1 Y
L 0.24972982 1.20742982 0.27762982 1.17952982 0 P 1 
A 0.27762982 1.17952982 0.24977018 1.15167018 0.2637 1.1656 0 P 1 Y
L 0.24977018 1.15167018 0.22187018 1.17957018 0 P 1 
A 0.29257018 1.25027018 0.32042982 1.27812982 0.3065 1.2642 0 P 1 Y
L 0.32042982 1.27812982 0.34832982 1.25022982 0 P 1 
A 0.34832982 1.25022982 0.32047018 1.22237018 0.3344 1.2363 0 P 1 Y
L 0.32047018 1.22237018 0.29257018 1.25027018 0 P 1 
A 0.3178 2.3553002 0.3178 2.3946998 0.3178 2.375 0 P 1 Y
L 0.3178 2.3946998 0.3572 2.3946998 0 P 1 
A 0.3572 2.3946998 0.3572 2.3553002 0.3572 2.375 0 P 1 Y
L 0.3572 2.3553002 0.3178 2.3553002 0 P 1 
A 0.3178 2.4553002 0.3178 2.4946998 0.3178 2.475 0 P 1 Y
L 0.3178 2.4946998 0.3572 2.4946998 0 P 1 
A 0.3572 2.4946998 0.3572 2.4553002 0.3572 2.475 0 P 1 Y
L 0.3572 2.4553002 0.3178 2.4553002 0 P 1 
L 0.3428002 0.3928 0.3428002 0.4322 0 P 1 
A 0.3428002 0.4322 0.3821998 0.4322 0.3625 0.4322 0 P 1 Y
L 0.3821998 0.4322 0.3821998 0.3928 0 P 1 
A 0.3821998 0.3928 0.3428002 0.3928 0.3625 0.3928 0 P 1 Y
L 0.4428002 0.3928 0.4428002 0.4322 0 P 1 
A 0.4428002 0.4322 0.4821998 0.4322 0.4625 0.4322 0 P 1 Y
L 0.4821998 0.4322 0.4821998 0.3928 0 P 1 
A 0.4821998 0.3928 0.4428002 0.3928 0.4625 0.3928 0 P 1 Y
A 0.4803 3.8678002 0.4803 3.9071998 0.4803 3.8875 0 P 1 Y
L 0.4803 3.9071998 0.5197 3.9071998 0 P 1 
A 0.5197 3.9071998 0.5197 3.8678002 0.5197 3.8875 0 P 1 Y
L 0.5197 3.8678002 0.4803 3.8678002 0 P 1 
A 0.4803 3.9678002 0.4803 4.0071998 0.4803 3.9875 0 P 1 Y
L 0.4803 4.0071998 0.5197 4.0071998 0 P 1 
A 0.5197 4.0071998 0.5197 3.9678002 0.5197 3.9875 0 P 1 Y
L 0.5197 3.9678002 0.4803 3.9678002 0 P 1 
A 1.5928 3.8803002 1.5928 3.9196998 1.5928 3.9 0 P 1 Y
L 1.5928 3.9196998 1.6322 3.9196998 0 P 1 
A 1.6322 3.9196998 1.6322 3.8803002 1.6322 3.9 0 P 1 Y
L 1.6322 3.8803002 1.5928 3.8803002 0 P 1 
A 1.5928 3.9803002 1.5928 4.0196998 1.5928 4 0 P 1 Y
L 1.5928 4.0196998 1.6322 4.0196998 0 P 1 
A 1.6322 4.0196998 1.6322 3.9803002 1.6322 4 0 P 1 Y
L 1.6322 3.9803002 1.5928 3.9803002 0 P 1 
A 2.7928 3.8803002 2.7928 3.9196998 2.7928 3.9 0 P 1 Y
L 2.7928 3.9196998 2.8322 3.9196998 0 P 1 
A 2.8322 3.9196998 2.8322 3.8803002 2.8322 3.9 0 P 1 Y
L 2.8322 3.8803002 2.7928 3.8803002 0 P 1 
A 2.7928 3.9803002 2.7928 4.0196998 2.7928 4 0 P 1 Y
L 2.7928 4.0196998 2.8322 4.0196998 0 P 1 
A 2.8322 4.0196998 2.8322 3.9803002 2.8322 4 0 P 1 Y
L 2.8322 3.9803002 2.7928 3.9803002 0 P 1 
L 2.8928002 0.7303 2.8928002 0.7697 0 P 1 
A 2.8928002 0.7697 2.9321998 0.7697 2.9125 0.7697 0 P 1 Y
L 2.9321998 0.7697 2.9321998 0.7303 0 P 1 
A 2.9321998 0.7303 2.8928002 0.7303 2.9125 0.7303 0 P 1 Y
L 3.2178002 0.7303 3.2178002 0.7697 0 P 1 
A 3.2178002 0.7697 3.2571998 0.7697 3.2375 0.7697 0 P 1 Y
L 3.2571998 0.7697 3.2571998 0.7303 0 P 1 
A 3.2571998 0.7303 3.2178002 0.7303 3.2375 0.7303 0 P 1 Y
A 3.3053 1.9803002 3.3053 2.0196998 3.3053 2 0 P 1 Y
L 3.3053 2.0196998 3.3447 2.0196998 0 P 1 
A 3.3447 2.0196998 3.3447 1.9803002 3.3447 2 0 P 1 Y
L 3.3447 1.9803002 3.3053 1.9803002 0 P 1 
A 3.3053 2.3053002 3.3053 2.3446998 3.3053 2.325 0 P 1 Y
L 3.3053 2.3446998 3.3447 2.3446998 0 P 1 
A 3.3447 2.3446998 3.3447 2.3053002 3.3447 2.325 0 P 1 Y
L 3.3447 2.3053002 3.3053 2.3053002 0 P 1 
L 3.6678002 0.8803 3.6678002 0.9197 0 P 1 
A 3.6678002 0.9197 3.7071998 0.9197 3.6875 0.9197 0 P 1 Y
L 3.7071998 0.9197 3.7071998 0.8803 0 P 1 
A 3.7071998 0.8803 3.6678002 0.8803 3.6875 0.8803 0 P 1 Y
A 3.9053 3.8678002 3.9053 3.9071998 3.9053 3.8875 0 P 1 Y
L 3.9053 3.9071998 3.9447 3.9071998 0 P 1 
A 3.9447 3.9071998 3.9447 3.8678002 3.9447 3.8875 0 P 1 Y
L 3.9447 3.8678002 3.9053 3.8678002 0 P 1 
A 3.9053 3.9678002 3.9053 4.0071998 3.9053 3.9875 0 P 1 Y
L 3.9053 4.0071998 3.9447 4.0071998 0 P 1 
A 3.9447 4.0071998 3.9447 3.9678002 3.9447 3.9875 0 P 1 Y
L 3.9447 3.9678002 3.9053 3.9678002 0 P 1 
A 4.0678 1.2178002 4.0678 1.2571998 4.0678 1.2375 0 P 1 Y
L 4.0678 1.2571998 4.1072 1.2571998 0 P 1 
A 4.1072 1.2571998 4.1072 1.2178002 4.1072 1.2375 0 P 1 Y
L 4.1072 1.2178002 4.0678 1.2178002 0 P 1 
A 4.0678 1.3928002 4.0678 1.4321998 4.0678 1.4125 0 P 1 Y
L 4.0678 1.4321998 4.1072 1.4321998 0 P 1 
A 4.1072 1.4321998 4.1072 1.3928002 4.1072 1.4125 0 P 1 Y
L 4.1072 1.3928002 4.0678 1.3928002 0 P 1 
L 4.0928002 0.8803 4.0928002 0.9197 0 P 1 
A 4.0928002 0.9197 4.1321998 0.9197 4.1125 0.9197 0 P 1 Y
L 4.1321998 0.9197 4.1321998 0.8803 0 P 1 
A 4.1321998 0.8803 4.0928002 0.8803 4.1125 0.8803 0 P 1 Y
L 4.15967018 1.09722982 4.18747018 1.12502982 0 P 1 
A 4.18747018 1.12502982 4.21532982 1.09717018 4.2014 1.1111 0 P 1 Y
L 4.21532982 1.09717018 4.18752982 1.06937018 0 P 1 
A 4.18752982 1.06937018 4.15967018 1.09722982 4.1736 1.0833 0 P 1 Y
L 4.23037018 1.02652982 4.25817018 1.05432982 0 P 1 
A 4.25817018 1.05432982 4.28602982 1.02647018 4.2721 1.0404 0 P 1 Y
L 4.28602982 1.02647018 4.25822982 0.99867018 0 P 1 
A 4.25822982 0.99867018 4.23037018 1.02652982 4.2443 1.0126 0 P 1 Y
L 4.2428002 1.4553 4.2428002 1.4947 0 P 1 
A 4.2428002 1.4947 4.2821998 1.4947 4.2625 1.4947 0 P 1 Y
L 4.2821998 1.4947 4.2821998 1.4553 0 P 1 
A 4.2821998 1.4553 4.2428002 1.4553 4.2625 1.4553 0 P 1 Y
L 4.2428002 1.6803 4.2428002 1.7197 0 P 1 
A 4.2428002 1.7197 4.2821998 1.7197 4.2625 1.7197 0 P 1 Y
L 4.2821998 1.7197 4.2821998 1.6803 0 P 1 
A 4.2821998 1.6803 4.2428002 1.6803 4.2625 1.6803 0 P 1 Y
L 4.2428002 2.5178 4.2428002 2.5572 0 P 1 
A 4.2428002 2.5572 4.2821998 2.5572 4.2625 2.5572 0 P 1 Y
L 4.2821998 2.5572 4.2821998 2.5178 0 P 1 
A 4.2821998 2.5178 4.2428002 2.5178 4.2625 2.5178 0 P 1 Y
L 4.3428002 1.4553 4.3428002 1.4947 0 P 1 
A 4.3428002 1.4947 4.3821998 1.4947 4.3625 1.4947 0 P 1 Y
L 4.3821998 1.4947 4.3821998 1.4553 0 P 1 
A 4.3821998 1.4553 4.3428002 1.4553 4.3625 1.4553 0 P 1 Y
L 4.3428002 1.6803 4.3428002 1.7197 0 P 1 
A 4.3428002 1.7197 4.3821998 1.7197 4.3625 1.7197 0 P 1 Y
L 4.3821998 1.7197 4.3821998 1.6803 0 P 1 
A 4.3821998 1.6803 4.3428002 1.6803 4.3625 1.6803 0 P 1 Y
L 4.3428002 2.5178 4.3428002 2.5572 0 P 1 
A 4.3428002 2.5572 4.3821998 2.5572 4.3625 2.5572 0 P 1 Y
L 4.3821998 2.5572 4.3821998 2.5178 0 P 1 
A 4.3821998 2.5178 4.3428002 2.5178 4.3625 2.5178 0 P 1 Y
