#
#Feature symbol names
#
$0 r5.906

#
#Layer features
#
L 1.55451811 1.26724783 1.55451811 1.24475069 0 P 10 
L 1.55451811 1.24475069 1.55301831 1.24025118 0 P 10 
L 1.55301831 1.24025118 1.5500187 1.23725157 0 P 10 
L 1.5500187 1.23725157 1.54551929 1.23575177 0 P 10 
L 1.54551929 1.23575177 1.54251969 1.23575177 0 P 10 
L 1.58451437 1.23575177 1.56951634 1.23575177 0 P 10 
L 1.56951634 1.23575177 1.56951634 1.26724783 0 P 10 
L 1.61301083 1.23875138 1.61151102 1.23725157 0 P 10 
L 1.61151102 1.23725157 1.60701161 1.23575177 0 P 10 
L 1.60701161 1.23575177 1.60401201 1.23575177 0 P 10 
L 1.60401201 1.23575177 1.5995126 1.23725157 0 P 10 
L 1.5995126 1.23725157 1.59651289 1.24025118 0 P 10 
L 1.59651289 1.24025118 1.59501309 1.24325089 0 P 10 
L 1.59501309 1.24325089 1.59351329 1.2492501 0 P 10 
L 1.59351329 1.2492501 1.59351329 1.25374961 0 P 10 
L 1.59351329 1.25374961 1.59501309 1.25974882 0 P 10 
L 1.59501309 1.25974882 1.59651289 1.26274843 0 P 10 
L 1.59651289 1.26274843 1.5995126 1.26574803 0 P 10 
L 1.5995126 1.26574803 1.60401201 1.26724783 0 P 10 
L 1.60401201 1.26724783 1.60701161 1.26724783 0 P 10 
L 1.60701161 1.26724783 1.61151102 1.26574803 0 P 10 
L 1.61151102 1.26574803 1.61301083 1.26424823 0 P 10 
L 1.63550807 1.26724783 1.63550807 1.24475069 0 P 10 
L 1.63550807 1.24475069 1.63400827 1.24025118 0 P 10 
L 1.63400827 1.24025118 1.63100866 1.23725157 0 P 10 
L 1.63100866 1.23725157 1.62650915 1.23575177 0 P 10 
L 1.62650915 1.23575177 1.62350955 1.23575177 0 P 10 
L 1.66550433 1.23575177 1.6505062 1.23575177 0 P 10 
L 1.6505062 1.23575177 1.6505062 1.26724783 0 P 10 
L 1.69400079 1.23875138 1.69250089 1.23725157 0 P 10 
L 1.69250089 1.23725157 1.68800148 1.23575177 0 P 10 
L 1.68800148 1.23575177 1.68500187 1.23575177 0 P 10 
L 1.68500187 1.23575177 1.68050236 1.23725157 0 P 10 
L 1.68050236 1.23725157 1.67750276 1.24025118 0 P 10 
L 1.67750276 1.24025118 1.67600295 1.24325089 0 P 10 
L 1.67600295 1.24325089 1.67450315 1.2492501 0 P 10 
L 1.67450315 1.2492501 1.67450315 1.25374961 0 P 10 
L 1.67450315 1.25374961 1.67600295 1.25974882 0 P 10 
L 1.67600295 1.25974882 1.67750276 1.26274843 0 P 10 
L 1.67750276 1.26274843 1.68050236 1.26574803 0 P 10 
L 1.68050236 1.26574803 1.68500187 1.26724783 0 P 10 
L 1.68500187 1.26724783 1.68800148 1.26724783 0 P 10 
L 1.68800148 1.26724783 1.69250089 1.26574803 0 P 10 
L 1.69250089 1.26574803 1.69400079 1.26424823 0 P 10 
L 1.71649793 1.26724783 1.71649793 1.24475069 0 P 10 
L 1.71649793 1.24475069 1.71499813 1.24025118 0 P 10 
L 1.71499813 1.24025118 1.71199843 1.23725157 0 P 10 
L 1.71199843 1.23725157 1.70749902 1.23575177 0 P 10 
L 1.70749902 1.23575177 1.70449941 1.23575177 0 P 10 
L 1.74649419 1.23575177 1.73149606 1.23575177 0 P 10 
L 1.73149606 1.23575177 1.73149606 1.26724783 0 P 10 
L 1.77499055 1.23875138 1.77349075 1.23725157 0 P 10 
L 1.77349075 1.23725157 1.76899134 1.23575177 0 P 10 
L 1.76899134 1.23575177 1.76599173 1.23575177 0 P 10 
L 1.76599173 1.23575177 1.76149232 1.23725157 0 P 10 
L 1.76149232 1.23725157 1.75849272 1.24025118 0 P 10 
L 1.75849272 1.24025118 1.75699291 1.24325089 0 P 10 
L 1.75699291 1.24325089 1.75549301 1.2492501 0 P 10 
L 1.75549301 1.2492501 1.75549301 1.25374961 0 P 10 
L 1.75549301 1.25374961 1.75699291 1.25974882 0 P 10 
L 1.75699291 1.25974882 1.75849272 1.26274843 0 P 10 
L 1.75849272 1.26274843 1.76149232 1.26574803 0 P 10 
L 1.76149232 1.26574803 1.76599173 1.26724783 0 P 10 
L 1.76599173 1.26724783 1.76899134 1.26724783 0 P 10 
L 1.76899134 1.26724783 1.77349075 1.26574803 0 P 10 
L 1.77349075 1.26574803 1.77499055 1.26424823 0 P 10 
L 1.7974878 1.26724783 1.7974878 1.24475069 0 P 10 
L 1.7974878 1.24475069 1.79598799 1.24025118 0 P 10 
L 1.79598799 1.24025118 1.79298839 1.23725157 0 P 10 
L 1.79298839 1.23725157 1.78848898 1.23575177 0 P 10 
L 1.78848898 1.23575177 1.78548927 1.23575177 0 P 10 
L 1.82748406 1.23575177 1.81248593 1.23575177 0 P 10 
L 1.81248593 1.23575177 1.81248593 1.26724783 0 P 10 
L 1.85598051 1.23875138 1.85448071 1.23725157 0 P 10 
L 1.85448071 1.23725157 1.8499812 1.23575177 0 P 10 
L 1.8499812 1.23575177 1.84698159 1.23575177 0 P 10 
L 1.84698159 1.23575177 1.84248219 1.23725157 0 P 10 
L 1.84248219 1.23725157 1.83948258 1.24025118 0 P 10 
L 1.83948258 1.24025118 1.83798268 1.24325089 0 P 10 
L 1.83798268 1.24325089 1.83648287 1.2492501 0 P 10 
L 1.83648287 1.2492501 1.83648287 1.25374961 0 P 10 
L 1.83648287 1.25374961 1.83798268 1.25974882 0 P 10 
L 1.83798268 1.25974882 1.83948258 1.26274843 0 P 10 
L 1.83948258 1.26274843 1.84248219 1.26574803 0 P 10 
L 1.84248219 1.26574803 1.84698159 1.26724783 0 P 10 
L 1.84698159 1.26724783 1.8499812 1.26724783 0 P 10 
L 1.8499812 1.26724783 1.85448071 1.26574803 0 P 10 
L 1.85448071 1.26574803 1.85598051 1.26424823 0 P 10 
