#
#Feature symbol names
#
$0 r15

#
#Layer features
#
A 2.55 4.025 2.475 3.95 2.475 4.025 0 P 10 Y
A 2.55 4.025 2.575 4.05 2.575 4.025 0 P 10 Y
L 3.5625 4.05 2.575 4.05 0 P 10 
L 2.475 3.95 1.95 3.95 0 P 10 
A 1.95 3.95 1.875 4.025 1.95 4.025 0 P 10 Y
A 1.85 4.05 1.875 4.025 1.85 4.025 0 P 10 Y
A 0 3.75 0.025 3.775 0.025 3.75 0 P 10 Y
A 0.025 3 0 3.025 0.025 3.025 0 P 10 Y
A 0 2.575 0.025 2.6 0.025 2.575 0 P 10 Y
A 0.025 0.7 0 0.725 0.025 0.725 0 P 10 Y
A 0 0.275 0.025 0.3 0.025 0.275 0 P 10 Y
A 0.025 0 0 0.025 0.025 0.025 0 P 10 Y
A 4.425 0.025 4.4 0 4.4 0.025 0 P 10 Y
A 4.4 0.3 4.425 0.275 4.4 0.275 0 P 10 Y
A 4.425 0.725 4.4 0.7 4.4 0.725 0 P 10 Y
A 4.4 2.6 4.425 2.575 4.4 2.575 0 P 10 Y
A 4.425 3.025 4.4 3 4.4 3.025 0 P 10 Y
A 4.4 3.775 4.425 3.75 4.4 3.75 0 P 10 Y
A 4.125 4.05 4.15 4.025 4.125 4.025 0 P 10 Y
A 3.8375 4.025 3.8625 4.05 3.8625 4.025 0 P 10 Y
A 3.5625 4.05 3.5875 4.025 3.5625 4.025 0 P 10 Y
A 0.8375 4.025 0.8625 4.05 0.8625 4.025 0 P 10 Y
A 0.5625 4.05 0.5875 4.025 0.5625 4.025 0 P 10 Y
A 0.275 4.025 0.3 4.05 0.3 4.025 0 P 10 Y
A 3.8375 4.025 3.5875 4.025 3.7125 4.025 0 P 10 Y
L 4.125 4.05 3.8625 4.05 0 P 10 
L 0.5625 4.05 0.3 4.05 0 P 10 
A 0.8375 4.025 0.5875 4.025 0.7125 4.05 0 P 10 Y
L 0 3.025 0 3.75 0 P 10 
L 4.425 0.725 4.425 2.575 0 P 10 
A 4.375 2.6 4.375 3 4.375 2.8 0 P 10 Y
L 4.375 2.6 4.4 2.6 0 P 10 
L 4.375 3 4.4 3 0 P 10 
A 0.05 3 0.05 2.6 0.05 2.8 0 P 10 Y
L 0.05 3 0.025 3 0 P 10 
L 0.05 2.6 0.025 2.6 0 P 10 
L 0.05 0.7 0.025 0.7 0 P 10 
L 4.15 4.025 4.15 4 0 P 10 
L 4.4 3.775 4.375 3.775 0 P 10 
L 4.4 0.7 4.375 0.7 0 P 10 
L 4.4 0.3 4.375 0.3 0 P 10 
L 0.05 0 0.025 0 0 P 10 
L 0.05 0.3 0.025 0.3 0 P 10 
L 0.05 3.775 0.025 3.775 0 P 10 
L 0.275 4 0.275 4.025 0 P 10 
A 4.375 0.3 4.375 0.7 4.375 0.5 0 P 10 Y
A 4.375 3.775 4.15 4 4.375 4 0 P 10 Y
L 0 0.275 0 0.025 0 P 10 
A 0.05 0.7 0.05 0.3 0.05 0.5 0 P 10 Y
A 0.275 4 0.05 3.775 0.05 4 0 P 10 Y
L 4.425 0.275 4.425 0.025 0 P 10 
L 1.85 4.05 0.8625 4.05 0 P 10 
L 4.425 3.025 4.425 3.75 0 P 10 
L 0.05 0 4.4 0 0 P 10 
L 0 0.725 0 2.575 0 P 10 
