432 503 0.1896912 0.7728088 0 0
503 576 4.3396912 3.0978088 0 1
576 649 4.2353088 0.8771912 0 2
649 722 4.2353088 0.7728088 0 3
722 795 4.3396912 3.2021912 0 4
795 868 4.3396912 0.8771912 0 5
868 941 4.3396912 0.7728088 0 6
941 1014 4.2353088 3.2021912 0 7
1014 1087 4.2353088 3.0978088 0 8
1087 1158 0.0853088 0.8771912 0 9
1158 1229 0.0853088 0.7728088 0 10
1229 1300 0.0853088 3.2021912 0 11
1300 1371 0.1896912 0.8771912 0 12
1371 1442 0.1896912 3.0978088 0 13
1442 1513 0.1896912 3.2021912 0 14
1513 1584 0.0853088 3.0978088 0 15
1584 1648 0.0636752 0.825 0 16
1648 1713 0.1375 0.7511752 0 17
1713 1778 0.1375 0.8988248 0 18
1778 1843 0.1375 3.2238248 0 19
1843 1908 0.1375 3.0761752 0 20
1908 1974 4.3613248 0.825 0 21
1974 2041 4.2875 0.8988248 0 22
2041 2104 0.2113248 3.15 0 23
2104 2169 4.2136752 3.15 0 24
2169 2235 4.2136752 0.825 0 25
2235 2298 0.0636752 3.15 0 26
2298 2365 4.2875 3.2238248 0 27
2365 2432 4.2875 3.0761752 0 28
2432 2496 0.2113248 0.825 0 29
2496 2563 4.2875 0.7511752 0 30
2563 2628 4.3613248 3.15 0 31
